254,255,255,255,253,255,255,254,254,255,254,253,255,255,252,255,255,255,253,254,255,255,253,255,255,255,255,255,255,255,255,255,255,255,255,255,255,255,255,255,255,255,255,255,255,255,255,255,255,255
255,255,252,253,255,255,255,255,255,254,255,255,253,248,255,252,255,252,255,255,250,255,255,255,255,255,255,255,255,255,255,255,255,255,255,255,255,255,255,255,255,255,255,255,255,255,255,255,255,255
252,255,255,253,250,252,255,254,252,255,255,253,255,255,255,255,255,255,255,255,254,255,255,250,255,255,255,255,255,255,255,255,255,255,255,255,255,255,255,255,255,255,255,255,255,255,255,255,255,255
255,253,254,255,255,255,255,255,255,251,255,147,4,1,0,0,1,0,60,253,253,255,255,255,255,255,255,255,255,255,255,255,255,255,255,255,255,255,255,255,255,255,255,255,255,255,255,255,255,255
255,255,254,255,254,251,253,255,250,105,0,4,0,0,2,0,1,0,6,0,226,252,253,255,255,255,255,255,255,255,255,255,255,255,255,255,255,255,255,255,255,255,255,255,255,255,255,255,255,255
253,250,255,255,254,255,255,252,4,0,0,4,0,0,3,0,0,0,0,1,0,1,255,253,255,255,255,255,255,255,255,255,255,255,255,255,255,255,255,255,255,255,255,255,255,255,255,255,255,255
255,255,255,253,255,253,88,0,0,2,3,0,0,0,3,0,2,0,0,3,1,1,20,255,255,255,255,255,255,255,255,255,255,255,255,255,255,255,255,255,255,255,255,255,255,255,255,255,255,255
254,254,253,255,254,236,2,0,0,0,0,0,1,4,0,3,0,2,0,1,1,0,1,255,255,255,255,255,255,255,255,255,255,255,255,255,255,255,255,255,255,255,255,255,255,255,255,255,255,255
255,255,255,254,254,3,1,0,0,0,0,0,0,0,0,0,0,0,1,0,2,0,3,31,252,255,253,255,254,255,254,255,255,255,255,255,255,255,255,255,255,255,255,255,255,255,255,255,255,255
253,255,255,252,255,0,0,0,0,0,0,0,0,0,0,0,1,1,0,0,1,0,0,10,255,253,253,253,254,255,247,255,255,255,255,255,255,255,255,255,255,255,255,255,255,255,255,255,255,255
255,252,255,253,255,4,0,5,0,0,0,0,0,0,0,0,1,0,0,0,1,2,0,0,254,253,255,255,252,253,255,251,255,255,255,255,255,255,255,255,255,255,255,255,255,255,255,255,255,255
252,255,255,255,252,0,5,0,0,0,0,0,0,0,0,0,0,0,1,1,0,1,1,0,65,255,255,255,255,255,251,255,255,255,255,255,255,255,255,255,255,255,255,255,255,255,255,255,255,255
255,255,251,255,255,0,0,0,0,0,0,0,0,0,0,0,0,0,0,1,0,0,1,1,0,255,255,249,255,255,254,255,255,255,255,255,255,255,255,255,255,255,255,255,255,255,255,255,255,255
253,253,255,255,254,1,0,2,0,0,0,0,0,0,0,0,1,0,0,1,0,0,0,0,0,255,255,255,255,253,254,252,255,255,255,255,255,255,255,255,255,255,255,255,255,255,255,255,255,255
255,255,255,253,244,0,3,0,0,0,0,0,0,0,0,0,0,0,0,1,2,0,1,0,0,98,253,255,251,255,255,255,255,255,255,255,255,255,255,255,255,255,255,255,255,255,255,255,255,255
255,255,254,255,3,0,1,0,0,0,0,0,0,0,0,0,0,3,0,0,0,0,1,0,1,32,255,255,255,255,252,255,255,255,255,255,255,255,255,255,255,255,255,255,255,255,255,255,255,255
255,254,255,252,3,2,0,1,0,0,0,2,0,2,0,0,1,1,0,2,0,2,4,0,0,205,255,253,255,255,255,254,255,255,255,255,255,255,255,255,255,254,255,255,255,0,255,254,253,255
253,255,252,237,0,1,1,0,1,0,0,0,0,3,0,4,0,0,0,0,6,0,0,0,2,249,255,255,251,255,253,255,255,255,255,255,255,255,255,255,255,253,255,255,254,1,0,255,255,255
255,255,255,253,237,0,0,2,0,2,2,0,3,0,3,0,1,3,1,0,0,0,4,1,253,255,251,254,255,251,254,254,255,255,255,255,255,255,255,255,254,254,255,250,208,0,1,253,255,253
255,251,255,255,253,254,0,0,5,0,0,2,0,3,0,2,1,1,0,0,5,0,0,0,254,255,252,255,253,255,255,255,255,255,255,255,255,255,255,255,253,254,95,3,1,0,0,234,255,255
254,255,254,255,254,251,255,103,0,0,0,0,5,0,0,0,0,0,5,0,1,0,2,253,255,255,255,254,255,252,254,251,255,255,255,255,255,255,255,255,255,248,0,1,1,0,0,146,250,255
255,255,255,250,254,255,251,255,255,254,3,3,0,0,1,1,2,0,0,0,0,2,0,254,253,255,255,252,253,255,255,255,255,255,255,255,255,255,255,255,253,219,3,2,1,0,2,0,255,255
255,253,254,255,255,255,250,255,254,255,255,31,0,4,0,0,0,1,2,0,1,1,4,0,0,4,252,255,254,253,253,252,255,255,255,255,255,255,255,255,255,220,0,0,1,4,0,0,0,253
255,255,255,253,255,253,255,238,4,0,2,0,0,0,0,0,1,0,1,0,1,0,0,1,0,2,0,0,0,170,253,255,255,255,255,255,255,255,255,255,253,224,1,1,0,0,0,0,0,97
255,255,252,255,254,0,0,0,0,2,3,0,0,5,0,2,0,1,0,4,1,0,1,1,0,4,0,1,2,0,0,1,0,3,1,255,253,253,255,253,255,0,0,0,2,0,0,0,1,255
253,218,3,0,0,2,0,4,0,0,1,1,0,0,5,0,0,0,1,0,0,4,3,0,0,3,0,0,0,1,1,0,3,0,0,0,59,255,252,255,3,0,2,0,0,0,3,2,0,204
133,0,1,0,2,0,0,0,2,1,0,3,1,1,0,0,2,0,0,1,252,0,0,1,5,0,1,0,0,0,0,4,2,0,3,2,252,254,255,246,0,5,0,2,0,1,0,0,0,4
255,250,3,0,0,0,3,0,0,2,0,1,0,0,1,0,0,0,3,1,0,5,0,0,0,2,0,0,1,1,5,0,1,0,1,203,251,255,252,240,4,0,0,0,1,2,0,3,0,251
254,255,83,3,3,1,0,0,3,0,2,0,0,4,0,0,0,4,0,2,0,0,1,2,2,0,2,4,0,0,0,2,1,255,255,251,255,253,254,255,255,2,0,0,0,0,2,0,3,255
253,255,252,247,254,255,253,255,255,249,35,0,6,0,0,2,2,0,0,3,2,0,0,0,0,2,0,0,253,255,250,255,253,255,255,253,255,253,255,254,250,255,0,0,0,0,1,2,0,255
255,253,255,255,255,255,250,255,253,255,1,2,0,0,4,0,0,0,0,0,0,4,0,3,0,0,5,2,254,250,255,254,255,255,254,253,255,255,254,255,255,253,251,18,0,0,3,0,255,250
255,253,255,255,252,254,255,252,255,253,5,0,2,2,0,0,1,0,0,2,0,0,3,0,0,0,1,0,1,236,255,254,254,253,255,255,255,255,255,255,255,252,255,235,19,0,255,255,254,255
252,255,255,254,255,254,255,255,253,255,0,0,4,2,0,2,0,0,0,0,0,0,0,0,1,0,0,2,0,0,255,255,255,255,254,255,255,255,255,255,253,255,255,169,0,0,255,254,255,255
255,255,255,255,253,255,251,255,255,255,2,1,0,0,1,0,0,0,0,0,0,0,0,0,0,0,4,0,0,4,1,253,255,254,254,255,252,255,252,253,255,254,255,0,0,1,255,255,255,255
255,250,255,253,254,255,254,255,255,25,1,3,0,0,4,0,0,0,0,0,0,0,0,0,4,0,0,0,0,0,4,2,250,254,255,255,255,250,255,255,254,255,2,0,3,210,248,255,255,255
251,255,254,255,255,254,254,255,0,6,0,0,0,0,0,0,0,0,0,0,0,0,0,0,0,0,1,2,4,1,0,1,3,254,252,254,255,255,255,250,0,0,0,2,0,251,255,255,255,255
255,253,255,255,255,252,254,0,0,1,0,2,0,0,0,1,0,0,0,0,0,0,0,0,0,2,0,0,0,0,0,1,0,255,251,254,249,255,1,1,0,2,1,0,0,255,252,252,255,255
255,255,254,255,255,243,2,0,3,0,4,0,3,3,0,0,0,0,0,0,0,0,0,0,2,0,2,3,0,0,0,2,0,4,0,0,8,0,0,2,0,0,0,3,254,255,248,255,255,255
254,255,253,255,255,253,0,0,0,2,0,2,0,0,0,5,0,0,0,0,0,0,0,0,0,0,0,0,0,7,0,0,3,0,0,0,0,2,0,1,3,2,0,251,253,255,255,252,255,255
254,254,255,255,254,0,1,1,1,0,3,0,0,7,0,0,0,0,0,0,0,0,0,0,0,5,0,0,0,0,2,0,0,1,0,4,0,0,0,0,0,1,238,255,255,254,252,255,255,255
255,255,253,255,251,3,0,0,0,0,0,0,2,0,0,0,0,0,0,0,0,0,0,0,2,0,0,1,0,0,0,0,0,4,0,1,0,3,4,0,255,255,255,255,255,255,255,255,255,255
254,252,255,255,255,151,3,0,0,2,0,0,2,0,0,3,1,1,1,1,1,1,1,1,0,0,2,0,0,1,2,0,0,0,0,1,1,1,125,244,255,255,255,255,255,255,255,255,255,255
255,255,250,255,255,254,0,1,0,0,3,4,0,0,0,250,254,254,254,254,254,254,254,254,238,254,0,2,0,0,2,0,0,0,85,240,255,255,255,255,255,255,255,255,255,255,255,255,255,255
254,253,255,252,236,2,2,1,0,2,0,0,2,2,1,255,255,255,255,255,255,255,255,255,255,255,243,0,3,0,0,6,2,0,238,255,253,254,255,253,255,255,255,255,255,255,255,255,255,255
255,254,255,3,4,0,0,0,0,5,0,7,0,155,254,254,255,255,255,255,255,255,255,255,255,252,251,42,0,0,3,0,0,2,2,1,228,255,251,255,255,255,255,255,255,255,255,255,255,255
252,255,253,235,0,0,0,4,205,248,255,252,255,253,255,255,255,255,255,255,255,255,255,255,253,255,255,253,0,0,1,0,0,0,0,2,3,254,255,253,255,255,255,255,255,255,255,255,255,255
255,255,251,253,255,255,250,255,255,253,253,255,253,253,255,255,255,255,255,255,255,255,255,255,255,255,254,254,240,1,2,2,0,4,1,0,255,254,254,255,255,255,255,255,255,255,255,255,255,255
255,254,255,255,253,255,255,255,251,255,254,254,255,255,254,254,255,255,255,255,255,255,255,255,255,254,255,255,253,255,255,254,136,152,255,255,254,255,255,254,255,255,255,255,255,255,255,255,255,255
255,255,255,255,255,255,255,255,255,255,255,255,255,255,255,255,255,255,255,255,255,255,255,255,255,255,255,255,255,255,255,255,255,255,255,255,255,255,255,255,255,255,255,255,255,255,255,255,255,255
255,255,255,255,255,255,255,255,255,255,255,255,255,255,255,255,255,255,255,255,255,255,255,255,255,255,255,255,255,255,255,255,255,255,255,255,255,255,255,255,255,255,255,255,255,255,255,255,255,255
